✅ [92mSolved in [1m50 moves[0m
🧠 [92mTime complexity: [1m-1[0m
💾 [92mSpace complexity: [1m-1[0m
🧩 [92mSolution path:
[0m
[93mStep 0:[0m
11  0  9  6
15  3 14  8
12  1  5 13
 2  4 10  7

[93mStep 1:[0m
11  3  9  6
15  0 14  8
12  1  5 13
 2  4 10  7

[93mStep 2:[0m
11  3  9  6
15  1 14  8
12  0  5 13
 2  4 10  7

[93mStep 3:[0m
11  3  9  6
15  1 14  8
12  5  0 13
 2  4 10  7

[93mStep 4:[0m
11  3  9  6
15  1  0  8
12  5 14 13
 2  4 10  7

[93mStep 5:[0m
11  3  0  6
15  1  9  8
12  5 14 13
 2  4 10  7

[93mStep 6:[0m
11  0  3  6
15  1  9  8
12  5 14 13
 2  4 10  7

[93mStep 7:[0m
11  1  3  6
15  0  9  8
12  5 14 13
 2  4 10  7

[93mStep 8:[0m
11  1  3  6
15  5  9  8
12  0 14 13
 2  4 10  7

[93mStep 9:[0m
11  1  3  6
15  5  9  8
12 14  0 13
 2  4 10  7

[93mStep 10:[0m
11  1  3  6
15  5  0  8
12 14  9 13
 2  4 10  7

[93mStep 11:[0m
11  1  3  6
15  0  5  8
12 14  9 13
 2  4 10  7

[93mStep 12:[0m
11  1  3  6
15 14  5  8
12  0  9 13
 2  4 10  7

[93mStep 13:[0m
11  1  3  6
15 14  5  8
12  4  9 13
 2  0 10  7

[93mStep 14:[0m
11  1  3  6
15 14  5  8
12  4  9 13
 2 10  0  7

[93mStep 15:[0m
11  1  3  6
15 14  5  8
12  4  0 13
 2 10  9  7

[93mStep 16:[0m
11  1  3  6
15 14  5  8
12  0  4 13
 2 10  9  7

[93mStep 17:[0m
11  1  3  6
15 14  5  8
 0 12  4 13
 2 10  9  7

[93mStep 18:[0m
11  1  3  6
 0 14  5  8
15 12  4 13
 2 10  9  7

[93mStep 19:[0m
 0  1  3  6
11 14  5  8
15 12  4 13
 2 10  9  7

[93mStep 20:[0m
 1  0  3  6
11 14  5  8
15 12  4 13
 2 10  9  7

[93mStep 21:[0m
 1  3  0  6
11 14  5  8
15 12  4 13
 2 10  9  7

[93mStep 22:[0m
 1  3  5  6
11 14  0  8
15 12  4 13
 2 10  9  7

[93mStep 23:[0m
 1  3  5  6
11 14  4  8
15 12  0 13
 2 10  9  7

[93mStep 24:[0m
 1  3  5  6
11 14  4  8
15 12 13  0
 2 10  9  7

[93mStep 25:[0m
 1  3  5  6
11 14  4  0
15 12 13  8
 2 10  9  7

[93mStep 26:[0m
 1  3  5  0
11 14  4  6
15 12 13  8
 2 10  9  7

[93mStep 27:[0m
 1  3  0  5
11 14  4  6
15 12 13  8
 2 10  9  7

[93mStep 28:[0m
 1  3  4  5
11 14  0  6
15 12 13  8
 2 10  9  7

[93mStep 29:[0m
 1  3  4  5
11  0 14  6
15 12 13  8
 2 10  9  7

[93mStep 30:[0m
 1  3  4  5
11 12 14  6
15  0 13  8
 2 10  9  7

[93mStep 31:[0m
 1  3  4  5
11 12 14  6
 0 15 13  8
 2 10  9  7

[93mStep 32:[0m
 1  3  4  5
11 12 14  6
 2 15 13  8
 0 10  9  7

[93mStep 33:[0m
 1  3  4  5
11 12 14  6
 2 15 13  8
10  0  9  7

[93mStep 34:[0m
 1  3  4  5
11 12 14  6
 2  0 13  8
10 15  9  7

[93mStep 35:[0m
 1  3  4  5
11 12 14  6
 0  2 13  8
10 15  9  7

[93mStep 36:[0m
 1  3  4  5
 0 12 14  6
11  2 13  8
10 15  9  7

[93mStep 37:[0m
 1  3  4  5
12  0 14  6
11  2 13  8
10 15  9  7

[93mStep 38:[0m
 1  3  4  5
12  2 14  6
11  0 13  8
10 15  9  7

[93mStep 39:[0m
 1  3  4  5
12  2 14  6
11 13  0  8
10 15  9  7

[93mStep 40:[0m
 1  3  4  5
12  2 14  6
11 13  8  0
10 15  9  7

[93mStep 41:[0m
 1  3  4  5
12  2 14  0
11 13  8  6
10 15  9  7

[93mStep 42:[0m
 1  3  4  0
12  2 14  5
11 13  8  6
10 15  9  7

[93mStep 43:[0m
 1  3  0  4
12  2 14  5
11 13  8  6
10 15  9  7

[93mStep 44:[0m
 1  0  3  4
12  2 14  5
11 13  8  6
10 15  9  7

[93mStep 45:[0m
 1  2  3  4
12  0 14  5
11 13  8  6
10 15  9  7

[93mStep 46:[0m
 1  2  3  4
12 13 14  5
11  0  8  6
10 15  9  7

[93mStep 47:[0m
 1  2  3  4
12 13 14  5
11 15  8  6
10  0  9  7

[93mStep 48:[0m
 1  2  3  4
12 13 14  5
11 15  8  6
10  9  0  7

[93mStep 49:[0m
 1  2  3  4
12 13 14  5
11 15  0  6
10  9  8  7

[93mStep 50:[0m
 1  2  3  4
12 13 14  5
11  0 15  6
10  9  8  7
